Name delk delk_err plx plx_err k k_err
PMJ02133+3648    1.469    0.018    74.60   3.50    8.518   0.018
HIP11542         0.263    0.016    38.20   1.60    6.062   0.018
HD239960         1.038    0.018   249.90   1.90    4.777   0.029
HD15285          0.073    0.016    58.30   1.10    5.113   0.018
Gl844            0.117    0.016    61.80   2.20    6.180   0.021
HIP9724          3.336    0.016   109.59   1.87    5.662   0.020
Gl831            1.200    0.016   125.30   0.30    6.379   0.020
Gl804            1.123    0.016    47.40   2.10    6.553   0.016
Gl792            0.577    0.017    69.00   1.20    8.358   0.016
Gl695C           0.306    0.018   120.33   0.16    4.953   0.016
Gl54             0.697    0.036   126.90   0.40    5.132   0.024
Gl494            4.320    0.017    85.50   1.50    5.578   0.016
Gl469            1.134    0.016    76.40   0.50    6.956   0.026
Gl381            0.842    0.016    83.52   2.77    6.193   0.026
Gl330            1.125    0.016    58.80   2.70    6.486   0.023
Gl310            2.197    0.017    72.60   1.30    5.580   0.015
Gl190            0.108    0.017   107.90   2.10    5.314   0.018
Gl125            1.180    0.016    63.50   1.90    5.840   0.016
GJ661            0.244    0.021   167.30   5.00    4.834   0.023
GJ65             0.111    0.063   373.70   2.70    5.343   0.021
GJ600            0.035    0.018    47.65   0.30    5.819   0.023
GJ570B           1.031    0.046   171.22   0.94    3.802   0.230
GJ4287           0.946    0.016    51.20   1.60    5.872   0.027
GJ4210           1.055    0.016    40.90   3.00    7.376   0.024
HIP46706         0.129    0.019    98.48   3.10    5.511   0.020
Gl277            1.996    0.016    84.90   2.50    5.927   0.017
GJ3421           0.157    0.017   112.60   1.40    7.776   0.021
GJ340            0.024    0.020    58.20   2.90    4.767   0.017
GJ234            1.555    0.017   241.00   0.40    5.446   0.016
GJ22A            1.949    0.016    99.20   0.60    6.037   0.023
GJ1210           0.079    0.017    82.00   2.30    8.419   0.025
GJ1081           0.970    0.018    65.20   0.40    7.335   0.027
GJ1005           1.198    0.016   166.60   0.30    6.390   0.016
G132-25          0.058    0.017    57.60   4.20    9.314   0.019
Gl791.2          1.571    0.018   113.40   0.20    7.307   0.024
GJ1038           0.065    0.016    39.80   1.60    6.207   0.021
GJ3454           0.281    0.016   116.40   2.80    7.282   0.020
Gl301B           0.527    0.018    52.11   1.98    5.815   0.026
GJ4024           0.965    0.016    50.10   2.50    6.631   0.018
Gl747            0.113    0.016   122.30   2.50    6.416   0.020
Gl660            0.039    0.017    85.23   2.47    6.656   0.021
GJ3412           1.140    0.017    95.60   0.30    6.353   0.016
GJ748            1.140    0.033    98.40   0.30    6.342   0.024
Gl913            1.374    0.018    68.00   3.00    5.831   0.020
GJ623            2.571    0.018   125.00   0.30    5.915   0.023
GJ1245           1.147    0.016   219.90   0.50    6.854   0.016
Gl473            0.005    0.018   227.90   4.60    6.042   0.020
GJ3010           0.262    0.016    67.50   2.70    8.010   0.024
GJ2060           0.900    0.016    64.53   1.52    5.716   0.020
2M1047+40      	 0.289	 0.049	 39.02	  0.90	11.254	 0.018
2M1847+55      	 0.281	 0.060	 30.53	  1.17	10.901	 0.020
2M2206-20      	 0.067	 0.016	 36.60	  1.16	11.315	 0.027
LHS1901        	 0.094	 0.003	 76.44	  1.13	 9.126	 0.018
LP415-20       	 0.566	 0.029	 25.76	  0.77	11.668	 0.020
LS1735+26      	 0.490	 0.020	 64.82	  0.95	10.157	 0.020