Name  Ra  Dec  J  eJ  H   eH   K  eK
GJ1210     256.92020   7.36854 9.284 0.026 8.654 0.029 8.419 0.025
GJ4287     339.37460  39.38106 6.639 0.020 6.046 0.033 5.872 0.027
HIP9724    31.27000 -17.61461 6.542 0.021 5.898 0.024 5.662 0.020
HIP11542    37.19370  32.25949 6.888 0.032 6.238 0.017 6.062 0.018
HD15285     36.94125   4.43194 5.990 0.020 5.332 0.029 5.113 0.018
Gl487      192.26163  66.11020 6.880 0.024 6.299 0.046 6.070 0.024
GJ234       97.34748  -2.81389 6.376 0.023 5.754 0.034 5.486 0.016
Gl804      311.09144  19.74969 7.359 0.020 6.755 0.021 6.553 0.016
GJ4210     324.97653  27.61209 8.211 0.021 7.615 0.024 7.376 0.024
GJ1005       3.86702 -16.13372 7.215 0.019 6.712 0.034 6.390 0.016
Gl831      322.82755  -9.79068 7.316 0.023 6.701 0.034 6.379 0.020
GJ623      246.03862  48.35297 6.638 0.024 6.141 0.021 5.915 0.023
GJ22A        8.12264  67.23567 6.844 0.023 6.268 0.021 6.037 0.023
Gl747      286.92846  32.54435 7.242 0.023 6.665 0.018 6.416 0.020
HD239960   336.99792  57.69584 5.575 0.027 5.038 0.034 4.777 0.029
GJ65        24.75501 -17.95074 6.283 0.019 5.690 0.029 5.343 0.021
GJ3522     134.73479   8.47383 6.507 0.018 5.966 0.033 5.688 0.016
GJ748      288.06058   2.88648 7.087 0.020 6.572 0.018 6.294 0.024
GJ4326     349.36697  19.61303 8.020 0.024 7.411 0.020 7.173 0.017
GJ3010       2.22467  20.84040 8.870 0.027 8.264 0.031 8.010 0.024
Gl125       47.37830  45.73274 6.730 0.018 6.081 0.023 5.840 0.016
GJ1245     298.47705  44.41484 7.791 0.023 7.194 0.016 6.854 0.016
Gl469      187.24004   8.42555 7.844 0.035 7.203 0.053 6.956 0.026
GJ600      238.03416  10.87444 6.692 0.023 6.012 0.036 5.819 0.023
GJ3412     103.51751  60.87190 7.128 0.020 6.604 0.017 6.345 0.016
GJ3421     105.98222  52.70184 8.537 0.026 8.094 0.036 7.776 0.021
HD152751   253.86982  -8.33633 5.270 0.037 4.775 0.017 4.403 0.036
GJ570      224.36044 -21.41129 4.550 0.262 3.910 0.200 3.802 0.230
GJ661      258.03281  45.66619 5.552 0.030 5.066 0.016 4.834 0.023
GJ4231     328.04340   5.62664 8.248 0.026 7.646 0.044 7.385 0.026
Gl494      195.19418  12.37573 6.437 0.021 5.786 0.017 5.578 0.016
GJ3454     114.10473   7.07865 8.180 0.021 7.611 0.033 7.282 0.020
GJ866      339.64053 -15.29926 6.553 0.019 5.954 0.031 5.537 0.020
Gl54        17.59526 -67.44503 5.997 0.019 5.409 0.026 5.132 0.024
GJ815      315.02228  40.07027 6.668 0.020 6.089 0.016 5.880 0.018
PMJ07295+3556 112.37950  35.93340 8.644 0.027 7.998 0.029 7.796 0.024
GJ1081      83.32973  44.81631 8.197 0.044 7.585 0.044 7.335 0.027
Gl330      134.26953  11.64703 7.311 0.019 6.781 0.027 6.486 0.023
Gl913      359.68115  46.72915 6.659 0.029 6.021 0.023 5.831 0.020
GJ1038      21.25751 -32.85114 7.066 0.027 6.417 0.021 6.207 0.021
Gl844      330.45432  16.46743 7.009 0.026 6.416 0.026 6.180 0.021
Gl695C     266.60450  27.71707 5.772 0.023 5.174 0.020 4.953 0.016
Gl310      129.10645  67.29510 6.425 0.029 5.782 0.015 5.580 0.015
Gl190       77.14602 -18.17205 6.175 0.018 5.591 0.031 5.314 0.018
Gl185       75.61842 -21.25664 5.450 0.021 4.853 0.017 4.600 0.018
G132-25     11.48596  33.78639 10.183 0.021 9.629 0.021 9.314 0.019
GJ2060     112.21407 -30.24680 6.615 0.024 5.970 0.036 5.716 0.020
GJ2005       6.18414 -27.14007 9.254 0.034 8.547 0.036 8.241 0.030
Gl473      188.32243   9.02105 6.995 0.024 6.397 0.034 6.042 0.020
Gl381      153.01947  -2.68465 7.021 0.023 6.471 0.049 6.193 0.026
Gl301B     123.28532 -13.91702 6.638 0.018 6.039 0.044 5.815 0.026
GJ3076      17.85587  15.43942 9.082 0.026 8.512 0.036 8.208 0.033
Gl277      112.99049  36.21939 6.771 0.019 6.179 0.024 5.927 0.017
Gl31.2      11.15479 -18.94672 7.984 0.027 7.323 0.018 7.124 0.021
GJ2079     153.57993  21.07490 7.074 0.023 6.448 0.020 6.261 0.023
LP636-19   313.31105  -2.35607 9.329 0.023 8.708 0.023 8.446 0.023
Gl791.2    307.45135   9.68894 8.228 0.020 7.666 0.036 7.307 0.024
GJ352      142.83087 -13.48871 6.361 0.020 5.755 0.029 5.511 0.020
HD238224   200.84707  57.90615 7.172 0.018 6.571 0.020 6.421 0.017
Wolf1561   334.32900  -8.80342 9.024 0.023 8.487 0.061 8.167 0.031
Gl660      257.96772  -1.85176 7.462 0.024 6.917 0.027 6.656 0.021
LHS1976    120.831306 52.84401 8.059 0.021 7.483 0.034 7.239 0.021
LHS6167    138.901688 -10.5964 8.605 0.027 8.074 0.040 7.733 0.017
Gl792      307.85684  38.56231 9.193 0.021 8.627 0.021 8.358 0.016
PMJ02133+3648 33.335949	36.814098 9.367 0.022 8.825 0.021 8.518 0.018
GJ340      139.472678 28.560677 5.382 0.029 4.893 0.023 4.767 0.017
GJ508      199.940221 47.77804 5.338 0.026 4.721 0.018 4.494 0.018
GJ4024     265.753296 5.789337 7.441 0.018 6.803 0.034 6.631 0.018
HIP46706   142.830872 -13.48871 6.361 0.020 5.755 0.029 5.511 0.02
Gl268.3    109.082405 27.142527 7.013 0.026 6.436 0.027 6.187 0.023
LP349-25	   6.983025	  22.325789	10.614	 0.022	 9.967	 0.023	 9.569	 0.017
SD0423-04	  65.952446	  -4.234311	14.465	 0.027	13.463	 0.035	12.929	 0.034
2M0700+31	 105.152679	  31.957414	12.923	 0.023	11.947	 0.016	11.317	 0.023
2M0746+20	 116.677342	  20.008939	11.759	 0.020	11.007	 0.022	10.468	 0.022
2M0850+10	 132.649725	  10.954339	16.465	 0.113	15.221	 0.093	14.473	 0.066
2M0920+35	 140.051000	  35.295278	15.625	 0.063	14.673	 0.057	13.979	 0.061
SD0926+58	 141.564075	  58.789231	15.897	 0.065	15.307	 0.095	15.450	 0.186
2M1017+13	 154.281421	  13.144411	14.096	 0.024	13.284	 0.027	12.710	 0.023
SD1021-03	 155.290375	  -3.072167	16.253	 0.091	15.346	 0.101	15.223   0.029 ## Dupu16
2M1047+40	 161.807583	  40.447028	12.436	 0.022	11.696	 0.019	11.254	 0.018
SD1052+44	 163.056271	  44.382197	15.958	 0.098	15.161	 0.098	14.461   0.029 ## Chiu06
GL417B	 168.134793	  35.814080	 14.584 0.033 13.499 0.032 12.721 0.028
LHS2397a	 170.455200	 -13.219000	11.928	 0.021	11.233	 0.025	10.735	 0.023
DE1228-15	 187.063467	 -15.792842	14.378	 0.030	13.347	 0.032	12.767	 0.030
2M2252-17	 343.044725	 -17.503739	14.313	 0.029	13.360	 0.030	12.901	 0.024
KELU-1	 196.417483	 -25.684997	13.414	 0.026	12.392	 0.025	11.747	 0.023
2M1404-31	 211.206183	 -31.992517	15.577	 0.063	14.955	 0.067	14.538	 0.095
2M1534-29	 233.707667	 -29.874278	14.900	 0.054	14.866	 0.102	14.791   0.030 ## Dupu16, Knap04, Liu08
2M1728+39	 262.047921	  39.816475	15.988	 0.076	14.756	 0.066	13.909	 0.048
LS1735+26	 263.804037	  26.579872	11.252	 0.026	10.591	 0.031	10.157	 0.020
2M1750+44	 267.553808	  44.401200	12.799	 0.023	12.163	 0.021	11.768	 0.017
2M1847+55	 281.764271	  55.378703	11.920	 0.021	11.276	 0.019	10.901	 0.020
2M2132+13	 323.047725	  13.699558	15.795	 0.062	14.604	 0.055	13.839	 0.058
2M2140+16	 325.122158	  16.421758	12.940	 0.033	12.266	 0.040	11.826	 0.031
2M2206-20	 331.595008	 -20.784972	12.370	 0.022	11.684	 0.022	11.315	 0.027
SD2052-16	 313.147125	 -16.158278	16.334	 0.118	15.414	 0.115	14.981   0.028 ## Chiu06
LHS1901	 107.797417	  43.499722	 9.979	 0.018	 9.467	 0.016	 9.126	 0.018
GL569B	 223.622333	  16.102472	10.802   0.061 10.106   0.040 9.650   0.030 ## Dupu10
LP415-20	  65.454167	  19.486111	12.715   0.024  12.072   0.022  11.668   0.020 ## Dupu16
HD130948B	 222.565878	  23.911845	13.263   0.081  12.368   0.150  11.713   0.040 ## Dupuy09b,c,Dupuy16
SD1534+16	 233.571292	  16.262889	16.753	 0.133	16.078	 0.159	15.992   0.029 ## Chiu06 
LSPMJ1314+1320 198.584973 +13.333663 9.754	0.022	9.175	0.032	8.794	0.018